M 90.00608825683594 29.991806030273438 -90.00804901123047 60.01646041870117 -90.00347900390625 -0.0013053063303232193 0 0
M 147.7021484375 -33.190460205078125 -115.5293960571289 -43.04747772216797 -198.7032928466797 79.31932830810547 0 0
D 2
M 147.70172119140625 -33.190242767333984 -115.5293960571289 -43.04726028442383 -198.70286560058594 79.31889343261719 1 0
D 2
M 132.71484375 -37.43792724609375 -115.43781280517578 -27.459510803222656 -216.1017303466797 88.58744049072266 1 0
D 2
M 132.71484375 -37.43705368041992 -115.43781280517578 -27.459510803222656 -216.1017303466797 88.58744049072266 0 1
D 2
M 136.95425415039062 -16.741859436035156 -115.4684829711914 -40.23672103881836 -204.49102783203125 95.63609313964844 0 1
D 1
M 76.4718017578125 -20.229854583740234 -118.40019989013672 -35.18779373168945 -204.91111755371094 88.39860534667969 0 1
D 2
M 77.85108184814453 -34.539276123046875 -108.00887298583984 -37.474037170410156 -192.1872100830078 80.80694580078125 0 1
M 77.8519515991211 -37.26301574707031 -108.01605224609375 -34.76422119140625 -192.18960571289062 80.8495864868164 0 1
D 2
M 77.8519515991211 -37.26301574707031 -108.01605224609375 -34.76400375366211 -192.18960571289062 80.8495864868164 1 0
D 2
M 91.33837127685547 -37.2266845703125 -108.02105712890625 -34.816436767578125 -181.5989990234375 88.40621948242188 1 0
D 2
M 89.99869537353516 30.00659942626953 -89.99847412109375 60.01058578491211 -89.9921646118164 -0.010660002008080482 1 0
